457683
339673
325786
924717
683406
798540
548828
74744
989895
628662
43926
51194
679381
478480
225281
33743
27517
581526
51469
451348
754122
980296
828568
36456
677103
891397
509726
825548
371575
980547
770690
164185
766624
402944
766891
2178
3689
82649
884824
23406
553427
854071
988996
444733
542032
769299
635412
639855
473290
86920
473549
96383
49314
201158
591010
598290
590696
44570
868505
940897
635960
303176
507550
931815
660509
119860
769236
908856
496913
829999
619670
514689
961182
672721
416134
8032
393805
351840
987764
962520
309679
782435
465522
806865
117652
352222
998424
293751
918245
551227
56538
649939
717249
879019
365908
856340
3200
525588
646609
234350
528393
440174
232308
273548
305889
51749
338223
425879
289114
85514
214073
412734
935978
631694
669610
443893
876056
866076
492525
631071
197215
596144
92021
793851
447172
112340
296052
802081
305840
660884
606233
576342
25882
222761
371606
876897
161788
182873
280971
51554
811859
904050
293192
984168
582845
182518
625863
588080
753596
54557
704970
322499
661910
448541
41618
374978
167901
732199
846664
349336
157518
291818
820059
525963
441491
898334
958897
20219
77793
764621
416697
454678
99837
878967
416138
82275
867967
411657
968453
649908
778402
734717
684901
675897
861642
869311
279247
229682
881459
980941
454858
748483
905932
879502
746053
903136
963602
349428
540517
34158
320654
534560
948115
219070
119154
533052
401132
603380
601721
819518
871960
230079
914587
104815
376485
236346
528897
768246
994871
951198
649144
52665
986217
124077
588057
799818
699482
241931
978784
621512
890346
651128
868126
51515
742132
990591
188647
403833
358630
263796
842839
774886
747662
729866
649153
870279
346448
677744
697488
111266
953286
62482
240932
781699
524836
928956
110802
813140
674208
525910
783702
173973
862345
21916
652131
727802
213631
775004
754288
857060
606372
178913
204078
109659
189827
211465
828907
619694
761620
944411
70733
77638
502909
439060
34898
581084
413356
648343
681679
784065
413973
173491
547036
381083
493098
982272
51920
111452
459259
485818
413609
150183
834413
692306
407873
963564
171995
508347
747380
450770
616472
642686
639608
467211
834567
981888
166628
631043
543007
753942
489468
651137
733691
273287
521392
282986
354344
569526
637237
418438
641222
742143
190104
745818
520168
454837
92010
878893
493274
585609
481733
846324
210654
682534
550919
357641
490289
540196
928632
317463
893645
908044
634876
646576
90736
69467
505218
586666
155528
789177
161488
314902
621070
916542
57653
875238
593446
753753
865286
145226
474626
150327
479677
800254
876532
169143
225460
11614
122092
84343
419762
920366
323795
417629
311208
766001
406230
697098
554717
916929
596327
631503
804898
949380
843484
432882
714930
351841
351492
91792
613177
394154
905156
511902
396387
193518
956733
544527
726181
34073
500772
128666
444622
552395
610682
938465
235023
488160
136333
167509
945761
317378
469200
338156
667683
235033
470072
314186
609823
634626
624026
16277
53496
444011
238403
692421
181413
420104
31682
979129
376352
779447
774693
404334
662981
347278
740280
429212
326804
744655
593533
603629
385806
1385
11920
918768
513206
381866
763149
980481
213841
141674
188283
198227
542060
394600
38625
787001
415593
263017
397134
13422
627722
8880
978572
782200
989193
898313
447344
355520
641622
139669
517933
725350
475806
353077
510114
917553
761146
678960
719535
296657
546531
813620
434047
761453
128358
971914
677092
574143
897972
20247
791724
449507
178692
797448
792277
445650
241607
946845
5450
144136
549797
419690
898543
584871
422124
178303
149808
429905
730662
526701
954339
870310
949896
927134
278697
861660
861206
122872
278376
376082
482716
880749
374501
492721
342469
691398
549605
313456
41979
320739
267037
886999
167562
193244
44566
552054
998452
205618
119956
368999
133556
718998
834747
599602
112805
158396
332242
515551
344424
860034
916632
169143
166019
550419
952463
143234
665237
115363
497079
712628
964889
122856
953442
295350
37731
900612
906687
549772
757720
837253
964988
982399
817434
975518
863815
471103
345402
896569
312359
679925
542486
356338
61900
944088
423024
128072
458105
837650
794320
29596
302735
301265
937159
169532
194946
903822
60360
33569
648366
539265
494011
150100
187346
618655
758877
723908
314256
607652
103534
807281
709437
580780
836192
289821
276381
316470
794733
231414
676949
340613
596346
837195
814909
241405
887259
679054
320803
524555
673409
605095
467122
255485
954476
146677
100020
743903
306599
132022
112228
566203
763151
646098
701610
292416
328334
438347
160735
386982
724926
373025
225090
886404
525406
541329
71031
621880
644725
210138
899287
951284
283414
869118
665827
192455
801249
256116
929091
208470
674613
390148
971125
885677
644728
322002
319801
566535
399352
524332
550366
851812
647070
586330
776731
570547
241226
152464
556406
131166
89574
850402
27731
913453
946140
290229
973990
838616
823360
85133
166272
763471
685398
243237
775367
884817
287678
210868
862758
911345
513005
309474
961713
362993
321234
301581
541724
991402
477326
345588
713012
980232
551715
654845
872558
280309
297255
763410
119051
162181
398648
419005
171438
827420
763056
773125
214184
710033
974762
718939
562095
920657
272035
939476
288538
138753
421006
471827
993106
141781
159187
367443
698284
75398
460367
334324
459331
515002
732988
83769
647665
346482
205675
472550
25175
502821
176485
430764
665411
633262
506509
96303
497330
852990
723825
538775
748212
823869
370402
948894
844646
550532
772409
193747
393901
441176
243472
194027
712782
378696
840795
666253
996996
775327
185643
391099
631312
842773
532534
318444
329274
599812
225625
500370
760923
460673
916069
55268
78014
600018
430788
109367
278373
674156
980884
936420
664582
893134
477105
321956
746861
884659
80025
515388
816003
268350
754305
1478
69469
367576
519175
722023
612178
26220
291410
309350
873317
68943
702436
355036
981405
546127
37785
730552
422122
538402
494955
500816
866870
960738
284893
27397
404766
502374
712578
444996
536731
566359
263883
812976
197582
831325
898662
893155
760500
848094
204171
685725
447979
905049
798227
567075
824334
248726
388187
116472
77074
629864
189579
492942
607920
60210
987427
529400
48987
611635
983577
547926
195597
66695
714974
268334
504457
238520
750698
81513
744375
817979
579637
389733
106433
677358
86050
678019
581512
662300
276880
473823
695289
37593
472493
376692
754293
917372
1679
895255
601343
206650
552027
915779
504681
808574
718474
244709
212299
110658
965595
817011
391484
53196
173372
842837
643302
404446
171474
376870
32710
219640
183746
537970
607253
844688
902378
881067
690741
240508
990406
228970
833025
850142
171480
608638
173017
708448
707485
804657
629253
2844
987445
442047
770848
833696
155189
441205
441351
494208
188698
149719
209045
192192
610585
448908
499410
769907
57025
657406
828997
643204
261581
109743
904629
877454
620698
874787
477878
45350
399234
197113
751948
270386
807275
893708
826610
649918
633564
119187
136521
72959
856216
624478
89270
300413
668027
877247
141704
59261
651491
186612
366566
817210
417790
280444
156201
850646
884321
620447
86070
196247
506980
108356
118031
85400
206220
736017
261833
500635
430053
162790
532969
564530
782479
165605
546063
574121
912444
400189
365118
627618
906276
936374
295510
955284
255658
586087
147270
262600
583529
129494
125215
621392
701937
162999
908706
703408
248680
442143
672277
440804
103701
273157
768109
519376
21560
718829
542316
462844
432868
127497
289215
450308
165477
768403
661242
424050
915255
162312
946891
491116
656701
33192
505044
99681
825182
674957
301277
979945
25489
926637
930202
379422
225460
880040
727649
693675
878813
905878
577422
196177
187900
577481
799673
204720
764952
595649
71312
686840
279518
873854
673687
3024
290087
529914
488688
213991
349570
648425
71682
137157
647075
327657
818148
127378
902600
705281
710630
378426
966548
369208
383569
394125
592627
802968
275827
161905
150493
289531
454195
476557
623656
3029
285880
808272
98470
854876
513962
86547
91651
28857
447036
780399
486631
39192
912723
695298
553128
576285
344470
978558
509686
366720
872022
927465
355538
767283
568206
328177
245979
837165
68084
218520
514573
188199
621336
164041
555824
999855
264657
364264
173578
203940
208170
164847
673267
993291
718399
841404
930195
489496
749992
842026
901424
616501
329421
28090
565433
970219
226076
836719
71549
748592
759674
703313
960276
612261
687604
528836
675986
682923
991828
454100
235028
754572
42168
712088
835187
192291
51297
869362
396518
923877
956477
338913
508904
391538
864059
649361
28343
324023
974973
589177
611759
713997
472957
9648
809291
441115
201952
766594
943318
568167
85085
8410
895113
455840
144904
776730
92847
491037
672972
676133
448787
404385
566694
190533
728872
864451
102184
76465
854438
279364
444249
147269
933752
510945
8008
677198
400077
512142
381407
600783
493368
735421
893879
660296
464293
527990
73589
662998
302114
629115
174214
49828
492082
315447
671938
48534
293343
702220
134275
786757
294948
201313
144604
874378
555420
161601
29769
129471
460441
272684
982796
318504
543535
399989
798795
8960
906291
137414
849300
891339
547442
513077
108823
217553
864289
964435
17077
323995
825268
910905
711340
560120
829067
995321
695630
327164
63565
339959
326849
346642
256949
968514
592785
724592
73737
882374
532837
855051
50009
147617
309529
715022
885026
748668
377407
643269
110512
895149
415582
266532
644196
930382
691204
839313
500880
983196
303351
897158
982065
29069
320304
788414
994343
82325
167915
345719
757067
828003
752718
686024
51436
120198
710713
886740
335972
423049
861169
75637
507485
451285
414574
293399
821936
979062
734793
340321
506266
29074
487754
702365
890043
428262
822430
566871
464958
22188
824642
884492
140470
676954
860153
411484
105570
565826
580780
675213
129455
137028
305696
845872
837989
589916
209858
568584
488226
648621
252429
912708
29817
915398
60339
728868
790023
110380
45551
869323
948126
60046
879379
923562
75390
383683
73144
348543
408328
445219
821683
131787
195890
287283
454747
415595
415269
944970
810962
831921
386392
748726
600115
649972
331752
968903
351651
222427
726098
428995
860808
631164
359602
520181
138534
879717
398451
386749
747266
457169
368459
920114
61944
607033
910090
598592
434041
174685
357439
140705
456181
478182
679015
401761
525828
249890
84830
936578
688819
330079
652096
175646
306949
458720
650968
217695
438544
207989
862109
828542
946965
825538
69461
354252
259186
517360
84438
906058
385052
489126
111906
355182
277610
886181
3595
387555
865801
624874
961265
111654
123101
991747
549739
487056
349117
802099
459055
146981
435922
855751
315324
25013
266843
405387
981491
564346
552681
361602
212039
187335
348791
998867
229775
133749
216186
997879
778212
738106
490822
762322
469639
709575
407415
81835
796812
2366
887639
378049
5351
420206
647290
966826
134215
185389
902940
997362
923285
321066
365883
987629
959895
844854
399598
165665
390272
452510
186727
147485
757197
582311
502515
834969
41818
493976
223884
800826
785324
270356
16818
842802
245418
455784
739422
835582
902733
381915
974036
486375
274068
100007
758967
108948
912067
238051
28932
70941
675150
31807
492972
140550
836788
240689
679631
561238
369861
652661
661372
316897
789674
406674
533715
714931
268309
416853
69282
111035
343324
769569
92930
326949
435465
82672
31373
71299
562832
465594
779159
463631
93112
899694
492617
583079
110799
570109
174341
815592
992942
923576
943026
657505
84815
1064
696948
548199
945973
899752
474058
250950
497585
55795
187732
278574
543422
407448
574337
869259
559855
397608
127343
58039
354213
205415
512358
460627
176281
558520
458517
488888
134260
970790
403813
851001
314412
274588
235472
354410
832681
872498
311211
225947
156938
220224
573153
391059
430117
670579
973438
412850
197350
957902
619028
81685
894285
282877
12926
967401
689189
169672
520033
598724
787947
10469
718055
318225
109019
486859
607371
276264
314430
863260
748504
473596
543287
484405
271796
239881
835874
677145
361136
44132
159245
656197
252038
73158
149349
964132
4128
585362
170046
437842
309041
649792
55995
686849
376979
514105
954227
593263
508653
510205
8361
398841
304049
102526
239689
531532
585439
411538
871074
442040
19302
303806
512343
370349
110258
929968
80020
142851
709888
413328
59604
812569
434268
244234
735157
198224
416244
819269
308846
152185
632029
479273
412174
693146
636341
346517
371008
976166
916331
238900
728076
440942
231770
947819
949491
378581
247424
206403
945933
587796
483285
746072
24511
753373
109305
941986
153874
672907
393488
681635
973050
482238
675709
255958
803541
585669
584299
268611
34590
83967
838474
786560
643125
111300
386868
213967
282741
641703
820916
661366
330153
6309
971587
903427
512972
574483
348891
371138
259175
795220
615865
8021
706557
69490
602189
235049
389521
729961
457305
715208
980918
741415
418920
86188
108269
603300
329958
338488
186513
335346
475545
56244
413585
357771
531299
309387
560418
539564
415209
588277
953602
681464
617583
805739
96784
224688
147039
56487
705971
32112
575243
520170
544285
675542
789052
621880
333270
780851
965978
322672
190762
632181
977337
202746
499394
417095
893193
821205
845166
206444
514169
688844
682120
5895
887441
74208
677012
990485
577695
778215
266966
339221
58537
958920
823449
923655
965879
65510
957522
472553
111980
949457
924139
734151
97335
260762
787413
588193
77356
308502
994083
21841
741699
667486
269031
376703
846376
946538
294556
298671
702244
299032