112691
115420
772044
374750
867118
589379
298556
975684
844493
86885
76888
862125
62095
808995
519398
195930
650837
369244
966735
195887
489669
144860
866901
25870
314745
911817
380764
181805
179630
973231
739990
56200
112506
311886
918691
570890
567349
650223
696707
511814
798241
684917
990282
474065
599481
178200
405008
131104
948885
34364
326233
878951
967632
967457
503776
774333
267234
874935
10601
85172
192702
572073
659217
702473
690712
113269
444948
124580
532504
528854
351774
717923
403538
439873
904329
482817
935364
678272
178737
608510
99906
736287
595299
688611
512326
596309
707686
586182
95880
251332
376091
587208
250630
16099
165944
661792
137623
550375
549120
364369
941116
368291
501170
147389
3646
491516
385972
637305
542227
819030
598280
727418
248707
732587
295029
178988
453228
434460
687819
790233
687040
522890
791891
92221
419341
350665
230971
961329
462551
783565
682750
499885
41432
77945
816334
29710
803649
730499
120870
67773
112894
318333
853647
708773
810364
543685
446334
926394
256416
925273
99595
923159
871410
836935
969207
808196
583251
884347
300872
562925
558845
931851
106287
466557
347684
443967
489645
896478
97990
189968
531567
693009
819317
774933
716578
83675
760259
906958
250611
499060
845858
787780
256578
480471
776564
522830
758960
279036
829049
986790
572408
676558
618929
152000
694744
20345
86397
489606
571333
457366
748008
687157
645649
877581
821368
591331
939958
131854
174122
980837
20408
676856
174704
502033
592395
917490
429494
858584
144945
166776
79487
136560
516939
323830
799345
967630
993365
82465
892663
85559
556398
726092
909484
714997
213916
339055
25629
146622
907228
570149
18062
798910
360083
921025
46565
44458
372644
900327
609149
87448
487001
283817
977169
218994
654842
151434
135788
848323
523293
334115
756441
810315
221517
396401
10172
583712
78535
305222
94174
219348
531803
490980
188617
974021
596473
93906
186813
873201
656812
806859
948974
684519
14171
875152
18343
74056
579922
494636
708143
38716
337223
61207
218838
60519
711965
468044
977341
812423
791214
921329
703366
660355
406483
550829
802786
652377
459555
428658
563866
163489
510191
477703
289451
873343
567867
150589
936683
294182
233829
690754
55533
637605
825079
249084
818402
411312
878526
122751
715317
770749
481366
907305
52645
315639
202868
408715
738071
717642
13111
748994
960475
292971
465785
217195
280632
392514
595038
66981
337088
272140
430467
642627
841346
927051
769669
927253
787412
226693
864407
850208
833018
570411
974262
464983
623312
199197
320772
414669
422512
245047
835393
938899
795018
577075
236231
44367
234686
512277
391328
360448
579462
498873
630414
632097
768288
951478
652354
764114
998163
519859
942152
824036
621496
206827
159210
435330
187323
915882
787640
548212
874732
205482
449786
662363
192782
254363
675708
193921
228432
301128
594243
828611
912508
111356
965333
383485
743408
346774
208709
911678
159261
63570
600555
527765
281474
950722
607706
705673
66075
334255
407956
606833
993971
419608
5471
333105
307257
721874
991856
867209
455881
142417
926313
862812
857517
690446
512386
377065
293147
419391
234188
100302
261903
750485
881578
630810
400885
989723
441608
866926
639196
509431
162663
644463
100129
761950
208092
334299
891426
20483
207688
233207
830775
500951
188263
230345
842152
308734
818646
412543
228372
475455
639789
983409
276177
203530
967261
114451
682413
319964
451293
120819
103338
855938
858572
659952
723801
615003
500417
488301
119053
570247
873498
679490
839126
939591
502167
106676
84247
828394
675519
422534
559418
399856
757717
732220
97343
636236
16639
647806
921031
887687
463827
437115
480958
570564
27783
535546
646320
573333
493005
776376
655966
155764
28789
313214
641752
385859
804618
357677
725582
449039
143149
536036
661124
485360
897051
880477
742125
963099
252652
213811
231541
980841
961121
960849
879114
305207
77088
225367
189794
397677
644868
308426
981357
161514
414170
712087
426820
648534
589893
71851
215689
505570
824834
391909
687877
511701
149403
419171
795002
159928
299064
985191
526110
870689
948107
669548
998251
89732
687396
193881
757144
219046
194135
542712
959064
57221
933284
925350
12384
184261
903112
342553
945625
516026
391447
702349
238644
74693
444583
141268
104493
874194
767373
450446
241811
703404
70889
280456
890992
504817
463144
104384
622147
992826
338715
755587
658859
133197
364718
724750
698922
114143
583410
300226
131773
479440
355840
66369
272018
165320
856268
236435
729446
285392
93729
789815
318165
641673
984916
407764
970922
104811
831706
757471
969470
202881
666967
761216
427741
485699
323911
105518
371880
490349
757090
394616
949622
423685
97264
33269
271252
998847
157662
135770
135334
215378
625844
501264
424675
256299
973143
969836
271386
90578
192815
279522
184713
815650
838357
881308
211225
252276
475075
37347
854205
812717
580799
927010
917565
203331
135784
416119
659300
93920
627159
606523
640534
488731
959909
276458
438367
167802
814195
846436
954267
232352
317969
561165
394445
484256
514125
164839
124626
97125
993109
465364
508889
795350
234683
832455
530679
547492
656689
855231
463860
601659
104013
96828
112626
543101
527506
126733
171332
938017
900532
785951
68788
42594
999850
945764
256247
2601
537948
857779
274356
946436
275509
561114
91503
383221
165554
711988
144522
357682
284908
631641
232405
884772
293991
330425
914671
289563
432525
759082
348260
211708
606612
562623
560286
198831
951740
167893
998746
9470
366608
122822
829205
973753
904284
223530
852740
18775
580057
114861
108915
255662
109426
730576
197226
346650
325052
151389
101514
222963
538073
202124
833981
108150
907054
383771
529015
216521
956929
541807
711661
942632
750649
9106
341637
835318
857870
829911
890956
158526
187830
70766
151737
381295
957693
154943
690475
510467
552996
618858
866058
782275
803394
682083
111009
862747
244808
547020
738927
371895
268134
399927
885833
242946
665050
671947
319073
155424
973046
236901
754703
39665
194670
872065
12712
440394
920045
488792
809197
348285
617140
351755
235566
960951
870778
748767
7071
718629
649308
347526
376464
874815
256909
781309
203272
808452
489879
842561
45186
261768
656846
31464
295272
696658
545695
106019
327196
2581
124112
710806
330374
860155
745975
123520
17941
167274
902481
651540
672655
68249
104650
235206
59345
291620
313064
370128
577192
698485
440965
547791
651183
170802
848469
31859
769231
227849
418514
937004
759969
49127
759232
257768
875962
903218
312834
706831
998018
334702
667631
965300
808545
844988
167742
221958
95356
217981
994074
684144
442050
87769
250560
79835
437103
823086
231205
38620
190965
312059
966382
638751
389023
770815
350874
338040
327932
270806
641551
968336
383859
282231
879148
466460
143363
164759
836479
538895
991140
201752
424498
513192
293589
470518
97999
215970
443096
568637
694334
835528
935214
975188
311372
376560
339349
615784
285040
495044
493305
21543
62131
213377
503031
324739
780658
258918
161100
217604
667903
543566
210988
915821
945387
607648
478872
114544
790371
688282
270721
902280
45053
440594
589612
606823
787533
239535
666729
587384
582686
420731
19197
58451
216411
780714
748901
133339
983403
150036
78668
409297
146365
877187
185620
580963
13708
616908
236323
765350
193179
903390
154229
449007
970380
607029
57229
226828
434061
522809
491526
792026
924134
19063
557850
958043
613724
887256
776929
845732
553161
276620
73428
752948
301691
871863
570985
638690
351742
277870
985766
600241
911001
912175
281856
199315
249078
574224
909102
1956
738456
259768
382468
237037
923489
719487
181682
49437
436564
722786
950949
426557
347154
980890
760732
510603
577347
207819
757041
674101
346517
853400
868468
432417
218162
629503
367110
994570
213559
68726
986785
12446
629689
4280
990441
878502
653049
40417
48314
743442
596249
794686
39465
277743
600964
936465
921468
84843
948603
820620
626550
588739
699207
820822
537171
165078
239392
303954
470058
262356
461805
555214
254883
268622
721368
862918
932279
919131
417720
402698
315619
111677
38588
522666
161932
98862
765450
524331
479591
160389
290695
58409
563862
23436
324554
810382
196134
495528
380490
237549
68621
1820
819279
737477
903584
977502
804899
777195
924549
356097
779433
193098
306756
715654
299538
83489
985054
997477
593660
458821
729663
95703
996989
89120
713710
31170
500280
793732
891174
869272
8992
755473
379858
19029
550841
309391
701214
59395
592652
55781
167344
778891
831553
77774
925208
685898
310877
505696
169070
849500
477743
663594
814400
564588
847150
557714
489994
999912
266500
522405
49705
684122
384832
425809
931256
412322
822660
955888
596759
914496
711124
156731
978068
417181
723300
565751
319828
51034
455863
14339
64038
909534
35867
397609
452201
447791
125299
493403
334571
825483
75137
216289
270772
744296
841007
529255
382021
307662
414130
603948
572417
439504
944102
719717
675231
438650
434155
822403
799866
316894
874898
625698
656132
671235
949129
631100
914693
974603
988180
466875
726047
334401
689337
502108
365097
964517
214242
778858
594364
843980
679782
923557
746129
294207
725831
848253
712231
496862
798281
732922
23
295622
21194
992016
763926
977654
48474
671558
254269
114464
83330
997522
438564
956731
332883
601896
645113
324123
525649
289738
954794
408540
761199
78700
724124
418091
884174
641917
61150
529102
778932
215801
295477
184770
466434
496222
484683
381598
651602
39702
781623
218560
417229
210668
50587
648944
89606
771472
465006
71158
911401
798811
945404
122277
48931
728326
203452
796945
633778
978582
846534
804236
992871
786306
466928
896403
956441
596655
890648
755972
149891
595457
793300
911427
473481
744790
703696
66762
552801
988919
10753
176480
803387
134526
965160
575155
894408
277332
824527
479455
819237
546641
229196
220556
484782
369957
615639
636199
716837
421797
975332
154140
845302
913933
549221
232555
580963
908753
111377
988010
724644
893062
340159
37862
359878
936576
401192
811521
571856
377534
273668
843809
408259
127233
539990
853635
751683
366000
328471
732551
8712
614992
849805
920265
37301
911399
500231
27983
532001
89031
817803
985474
165602
971939
672900
434094
146194
625640
950080
565452
490206
678647
635632
114303
234825
126471
663608
754180
17344
960887
92924
715669
934279
429181
188984
49677
359767
721260
765637
591905
450526
406930
706634
349743
393847
1285
930560
729080
65367
623100
189151
746108
655013
829261
996156
127931
992356
357668
672371
995878
756694
691751
962172
646680
492553
71620
927918
799205
367909
820036
860744
558275
910240
625825
759797
262067
534674
732998
526669
325948
538801
820770
397753
173084
380370
727818
294502
351000
476881
73564
710012
973255
470245
259884
470114
696731
885000
298613
208087
547545
375181
403333
674397
42400
302785
308378
66280
217208
219911
833631
406745
371139
936945
300624
628561
561760
250820
23587
425982
145723
80191
248550
125470
949520
708496
594209
796396
976091
71212
260234
573679
905604
540192
11826
696519
32549
455898
223768
80916
696288
737335
72854
338329
708524
259947
304519
28857
758656
333268
867639
594513
286823
533011
110899
856673
854424
346356
164764
181465
613252
574560
595057
417888
76851
203625
407231
495651
31549
501583
4916
133181
89646
430086
761936
451028
83492
68323
453928
411815
226781
638901
913831
915145
728133
898166
924986
64337
332105
107550
546172
591597
84030
537872
774882
679199
467669
475148
698283
446487
948391
994272
55713
185974
869683
346081
442226
26553
597059
663623
219659
77803
780983
835097
569773
266604
619203
813737
23526
15745
38942
339038
231122
633945
790665
29086
699459
787678
547713
70329
716716
707420
239832
278990
708244
844411
13722
137427
823619
538755
409969
519090
641585
885659
573305
207344
497811
393831
571895
986230
89785
218542
191409
35429
693841
721572
890927
596917
541219
861261
960250
397548
643233
448076
301991
109515
630022
614613
676849
209835
973046
943669
696792
960330
298375
573988
328333
871144
366001
260522
176986
933740
689819
804521
363924
113391
703576
488492
377216
76524
839995
152043
882523
894916
883486
326853
111954
516547
481203
412494
114777
122038
752939
219550
850029
95970
527211
332448
828547
233941
849086
651663
770772
979114
54699
163416
536700
936072
888066
454711
405659
645170
847753
742567
636092
617185
194054
218462
119377
925872
821821
322551
856682
235200
509713
156912
934212
998324
893522
623040
649678
707025
879475
26076
451669
493116
112728
826684
393600
87508
547023
941261
875216
127891
123317
492115
547190
72662
58416
191467
388085
526524
269014
606654
128073
612331
12243
398567
390008
134064
910710
251396
146054
667449
148214
618950
346814
387589
771680
601304
869981
397037
715601
235247
256785
553152
377095
232992
57078
310123
312932
735820
987677
888947
904245
962833
523627
167706
640336
729667
988314
44870
9873
688069
685950
669943
855967
794386
128665
858621
451020
953556
950557
213720
477883
4876
672294
958520
565807
216820
82390
255733
22816
240407
635123
833163
930535
34069
930050
66270
823215
617740
34370
278106
759531
639823
136950
908830
713992
647935
781603
379711
864130
642818
717242
930746
530348
964503
223811
446324
237211
810826
625487
299949
608112
720576
586367
546937
579688
167081
698926
373060
727989
2731
821844
567482
335361
870920
601283
929936
195118
859135
618540
944926
50539
605348
647001
759852
995353
789672
572640
489317
124828
444131
634815
134446
219676
795688
777931
953935
269512
421116
69571
952617
198132
337035
336954
263714
239913
274411
401191
592509
34718
794050
547508
562075
658145
88081
159708
755735
484611
282148
768428
486343
992669
804036
115244
839021
365146
916650
218516
331893
11054
826741
841875
618400
941958
875546
212550
15190
272342
193421
314268
281127
981689
857813
588272
995863
475448
32411
415993
90468
412659
784959
328261
568001
729967
282317
488429
218515
784921
843453
630599
180782
65821
894627
299170
532197
971103
