112691
195887
10601
717923
137623
248707
791891
92221
925273
819317
618929
645649
892663
609149
283817
337223
873343
150589
738071
864407
464983
236231
206827
606833
5471
455881
293147
100129
20483
967261
114451
500417
84247
921031
28789
385859
357677
215689
419171
57221
342553
702349
241811
504817
114143
812717
317969
164839
234683
126733
938017
785951
383221
538073
956929
154943
671947
754703
781309
106019
31859
769231
227849
667631
217981
389023
641551
62131
667903
45053
420731
58451
877187
236323
154229
958043
600241
629689
755473
550841
309391
831553
417181
455863
452201
447791
125299
493403
216289
382021
572417
719717
949129
964517
746129
23
525649
215801
50587
10753
913933
549221
500231
27983
532001
971939
678647
429181
359767
393847
189151
655013
127931
367909
759797
538801
397753
219911
628561
145723
80191
976091
573679
533011
110899
595057
467669
948391
869683
597059
835097
569773
823619
890927
596917
301991
328333
366001
804521
828547
233941
454711
405659
451669
191467
612331
397037
669943
950557
255733
586367
546937
167081
2731
601283
50539
444131
32411
415993
